id,name,area,urban,agriculture,forest,unproductive
1,Aeugst am Albis,7.9,12.6,51.3,30.9,5.2
2,Affoltern am Albis,10.6,30.8,40.1,28.2,0.9
3,Bonstetten,7.5,15.6,55.4,28.6,0.4
4,Hausen am Albis,13.7,12.6,55.8,29.0,2.6
5,Hedingen,6.5,19.9,46.2,33.2,0.6
6,Kappel am Albis,7.8,8.3,70.0,20.6,1.1
7,Knonau,6.5,18.0,62.2,17.2,2.6
8,Maschwanden,4.7,9.0,59.6,23.7,7.7
9,Mettmenstetten,13.1,15.9,64.2,18.6,1.2
10,Obfelden,7.6,24.2,49.3,21.3,5.2
11,Ottenbach,5.0,20.9,55.2,19.9,4.0
12,Rifferswil,6.6,10.4,64.8,22.7,2.1
13,Stallikon,12.0,11.1,38.1,49.8,1.1
14,Wettswil am Albis,3.8,40.8,34.0,21.0,4.2
21,Adlikon,6.6,11.0,63.7,22.7,2.6
22,Benken (ZH),5.7,8.1,57.7,33.9,0.4
23,Berg am Irchel,7.1,5.0,48.2,45.3,1.6
24,Buch am Irchel,10.1,6.8,55.0,38.1,0.0
25,Dachsen,2.7,31.6,48.3,13.0,7.1
26,Dorf,5.5,12.5,46.4,41.0,0.2
27,Feuerthalen,2.5,42.8,11.2,44.0,2.0
28,Flaach,10.2,8.4,50.9,33.7,7.0
29,Flurlingen,2.4,22.9,17.1,56.7,3.3
30,Andelfingen,6.7,15.8,46.0,32.9,5.2
31,Henggart,3.1,22.9,56.2,19.9,1.0
32,Humlikon,3.7,9.5,62.5,27.7,0.3
33,Kleinandelfingen,10.3,13.2,50.1,32.8,3.8
34,Laufen-Uhwiesen,6.3,12.5,39.4,44.6,3.5
35,Marthalen,14.2,11.8,47.2,39.2,1.8
36,Oberstammheim,9.4,8.5,53.7,37.4,0.3
37,Ossingen,13.1,9.3,56.3,29.3,5.1
38,Rheinau,8.9,11.6,26.3,54.8,7.3
39,Thalheim an der Thur,6.4,9.0,65.5,21.4,4.0
40,Trüllikon,9.6,8.7,61.7,29.3,0.3
41,Truttikon,4.4,6.3,64.8,28.4,0.5
42,Unterstammheim,7.3,11.3,51.6,36.5,0.7
43,Volken,3.3,5.8,64.8,29.4,0.0
44,Waltalingen,7.3,7.6,62.8,28.8,0.8
51,Bachenbülach,4.3,23.8,34.0,39.2,3.0
52,Bassersdorf,9.0,30.7,37.6,30.9,0.8
53,Bülach,16.1,29.9,30.7,39.1,0.3
54,Dietlikon,4.2,47.4,21.3,30.6,0.7
55,Eglisau,9.1,17.4,34.1,41.2,7.3
56,Embrach,12.7,20.3,32.7,45.2,1.8
57,Freienstein-Teufen,8.3,9.7,38.7,49.5,2.2
58,Glattfelden,12.3,19.6,45.5,31.9,3.0
59,Hochfelden,6.2,9.6,42.4,44.9,3.1
60,Höri,4.8,19.1,58.9,12.6,9.4
61,Hüntwangen,4.9,23.9,42.2,32.0,1.8
62,Kloten,19.3,43.3,29.9,25.6,1.1
63,Lufingen,5.2,15.2,47.6,36.6,0.6
64,Nürensdorf,10.1,22.0,46.7,31.3,0.0
65,Oberembrach,10.2,6.9,58.5,34.3,0.3
66,Opfikon,5.6,62.2,20.0,15.5,2.3
67,Rafz,10.7,16.7,49.8,33.4,0.1
68,Rorbas,4.5,15.5,34.5,46.9,3.1
69,Wallisellen,6.5,56.7,21.4,20.9,1.1
70,Wasterkingen,3.9,7.4,49.2,43.1,0.3
71,Wil (ZH),9.0,15.3,53.2,30.2,1.3
72,Winkel,8.1,21.5,44.0,27.5,7.0
81,Bachs,9.2,6.0,49.0,44.5,0.5
82,Boppelsen,3.9,12.5,40.3,45.9,1.3
83,Buchs (ZH),5.9,26.2,46.8,25.9,1.2
84,Dällikon,4.5,23.9,42.4,32.6,1.1
85,Dänikon,2.8,19.3,47.1,31.4,2.1
86,Dielsdorf,5.9,34.9,33.4,29.8,1.9
87,Hüttikon,1.6,15.0,48.8,36.3,0.0
88,Neerach,6.0,19.2,61.8,5.7,13.3
89,Niederglatt,3.6,33.1,55.3,7.8,3.9
90,Niederhasli,11.3,21.6,55.3,21.2,1.9
91,Niederweningen,6.9,14.1,46.1,39.1,0.7
92,Oberglatt,8.2,31.2,49.7,10.6,8.5
93,Oberweningen,4.9,10.7,33.8,55.3,0.2
94,Otelfingen,7.2,25.1,36.8,37.2,1.0
95,Regensberg,2.4,9.2,34.0,55.5,1.3
96,Regensdorf,14.6,31.9,42.1,23.8,2.3
97,Rümlang,12.5,29.3,46.5,21.4,2.8
98,Schleinikon,5.7,6.7,49.2,43.5,0.5
99,Schöfflisdorf,4.0,11.5,42.4,45.9,0.3
100,Stadel,12.9,11.3,57.3,30.5,0.9
101,Steinmaur,9.5,13.7,56.4,29.3,0.6
102,Weiach,9.6,11.9,34.6,50.1,3.4
111,Bäretswil,22.2,8.6,49.6,39.3,2.5
112,Bubikon,11.6,21.0,60.5,12.4,6.1
113,Dürnten,10.2,22.6,59.3,16.7,1.5
114,Fischenthal,30.2,4.6,32.5,61.7,1.3
115,Gossau (ZH),18.3,19.0,66.4,14.1,0.5
116,Grüningen,8.8,16.1,61.6,20.0,2.3
117,Hinwil,22.3,19.6,51.8,26.7,1.8
118,Rüti (ZH),10.1,29.6,34.6,33.9,1.9
119,Seegräben,3.8,16.2,48.3,16.7,18.8
120,Wald (ZH),25.2,13.0,52.9,33.2,1.0
121,Wetzikon (ZH),16.7,31.4,39.0,16.6,13.0
131,Adliswil,7.8,45.9,20.9,31.2,2.1
132,Hirzel,9.7,11.3,66.1,17.9,4.6
133,Horgen,21.1,21.8,26.4,49.3,2.6
134,Hütten,7.2,5.5,54.0,36.2,4.3
135,Kilchberg (ZH),2.6,74.2,24.2,1.2,0.4
136,Langnau am Albis,8.7,25.2,25.8,47.5,1.5
137,Oberrieden,2.8,43.0,11.9,42.2,2.9
138,Richterswil,7.6,41.2,50.7,7.2,0.9
139,Rüschlikon,2.9,59.6,17.8,21.9,0.7
140,Schönenberg (ZH),11.0,10.2,76.5,11.0,2.4
141,Thalwil,5.5,60.3,14.9,22.7,2.2
142,Wädenswil,17.4,30.9,58.6,8.9,1.6
151,Erlenbach (ZH),3.0,54.4,20.6,24.3,0.7
152,Herrliberg,9.0,23.3,52.3,23.7,0.7
153,Hombrechtikon,12.2,21.5,57.6,14.5,6.4
154,Küsnacht (ZH),12.3,33.8,34.1,31.2,0.9
155,Männedorf,4.8,46.5,29.7,23.4,0.4
156,Meilen,11.9,28.9,45.4,24.2,1.5
157,Oetwil am See,6.1,22.9,64.4,12.2,0.5
158,Stäfa,8.6,38.7,41.8,18.2,1.3
159,Uetikon am See,3.5,43.3,40.2,16.0,0.6
160,Zumikon,5.5,43.8,28.6,27.2,0.4
161,Zollikon,7.9,41.7,20.4,37.9,0.0
171,Bauma,20.8,9.3,35.8,53.3,1.5
172,Fehraltorf,9.5,19.1,52.7,26.9,1.3
173,Hittnau,13.0,13.1,48.1,37.3,1.5
174,Illnau-Effretikon,25.3,18.1,51.3,29.3,1.2
175,Kyburg,7.6,4.5,32.6,61.4,1.6
176,Lindau,11.9,23.0,41.8,34.8,0.4
177,Pfäffikon,19.5,17.5,42.2,22.8,17.4
178,Russikon,14.3,12.3,50.2,36.1,1.3
179,Sternenberg,8.7,4.4,39.1,56.1,0.3
180,Weisslingen,12.8,11.5,42.8,44.5,1.3
181,Wila,9.2,10.1,37.1,49.7,3.1
182,Wildberg,10.6,8.6,51.3,36.4,3.7
191,Dübendorf,13.6,43.2,35.5,20.3,1.0
192,Egg,14.5,18.8,57.2,23.0,1.0
193,Fällanden,6.4,32.4,36.3,27.5,3.7
194,Greifensee,2.3,47.6,33.5,9.0,9.9
195,Maur,14.8,22.4,51.5,25.4,0.6
196,Mönchaltorf,7.6,18.6,65.5,11.4,4.5
197,Schwerzenbach,2.7,41.4,37.6,6.4,14.7
198,Uster,28.5,28.8,40.7,26.7,3.7
199,Volketswil,14.0,36.9,37.5,24.1,1.6
200,Wangen-Brüttisellen,7.9,30.2,43.7,25.5,0.5
211,Altikon,7.7,6.1,68.4,19.9,5.6
213,Brütten,6.7,10.1,59.8,29.9,0.2
214,Dägerlen,8.0,7.8,66.6,25.2,0.4
215,Dättlikon,2.9,10.7,42.8,43.8,2.8
216,Dinhard,7.1,10.6,68.6,19.9,0.8
217,Elgg,15.6,12.4,45.6,41.5,0.6
218,Ellikon an der Thur,5.0,12.4,67.2,20.0,0.4
219,Elsau,8.0,19.0,55.8,24.5,0.6
220,Hagenbuch,8.2,9.8,61.3,28.4,0.5
221,Hettlingen,5.8,17.1,59.1,22.8,1.0
222,Hofstetten (ZH),8.9,4.5,49.3,46.1,0.1
223,Neftenbach,15.1,15.6,53.7,29.8,0.9
224,Pfungen,5.0,24.8,31.9,41.1,2.2
225,Rickenbach (ZH),6.1,15.8,59.9,22.9,1.3
226,Schlatt (ZH),9.1,6.5,46.6,45.6,1.3
227,Seuzach,7.6,31.1,43.4,25.0,0.5
228,Turbenthal,25.2,7.2,34.7,57.3,0.9
230,Winterthur,68.1,33.6,24.8,40.5,1.1
231,Zell (ZH),13.0,14.0,41.2,42.4,2.3
241,Aesch (ZH),5.2,9.2,57.5,33.1,0.2
242,Birmensdorf (ZH),11.4,24.5,36.8,37.4,1.2
243,Dietikon,9.3,50.3,16.3,26.8,6.6
244,Geroldswil,1.9,47.9,20.0,24.2,7.9
245,Oberengstringen,2.1,50.5,20.1,25.2,4.2
246,Oetwil an der Limmat,2.8,20.6,36.5,38.3,4.7
247,Schlieren,6.5,51.7,17.6,29.2,1.5
248,Uitikon,4.4,30.8,36.5,32.6,0.0
249,Unterengstringen,3.4,42.7,27.9,25.5,3.9
250,Urdorf,7.6,34.5,32.2,32.2,1.1
251,Weiningen (ZH),5.4,28.9,31.9,38.3,0.9
261,Zürich,87.9,61.9,10.1,26.2,1.7
298,Wiesendangen,19.1,16.0,61.0,22.9,0.2
301,Aarberg,7.9,23.5,44.3,29.5,2.7
302,Bargen (BE),7.9,7.0,70.5,18.6,3.9
303,Grossaffoltern,15.1,10.9,62.3,26.0,0.8
304,Kallnach,15.2,7.9,69.0,19.8,3.3
305,Kappelen,10.9,10.9,73.9,14.3,0.8
306,Lyss,14.9,32.3,34.5,32.7,0.5
307,Meikirch,10.3,9.4,64.0,26.5,0.1
309,Radelfingen,14.7,6.7,57.8,31.5,4.0
310,Rapperswil (BE),20.4,8.3,64.5,26.9,0.3
311,Schüpfen,19.8,10.8,55.8,32.9,0.5
312,Seedorf (BE),20.9,7.7,59.6,32.4,0.3
321,Aarwangen,9.9,15.0,45.6,36.2,3.2
322,Auswil,4.6,5.0,83.5,11.3,0.2
323,Bannwil,4.8,8.8,46.3,39.6,5.3
324,Bleienbach,5.7,8.3,57.1,33.0,1.6
325,Busswil bei Melchnau,2.8,6.0,52.8,41.2,0.0
326,Gondiswil,9.4,5.9,69.3,24.4,0.4
329,Langenthal,17.3,29.6,32.0,38.2,0.2
331,Lotzwil,6.2,15.4,47.4,37.1,0.2
332,Madiswil,23.2,7.1,62.8,29.8,0.3
333,Melchnau,10.4,7.7,57.1,35.0,0.2
334,Obersteckholz,3.9,5.6,66.5,27.9,0.0
335,Oeschenbach,3.9,5.1,64.4,30.0,0.5
336,Reisiswil,2.0,5.1,64.5,29.9,0.5
337,Roggwil (BE),7.8,25.7,45.3,28.1,0.9
338,Rohrbach,4.1,16.0,63.3,20.2,0.5
339,Rohrbachgraben,6.5,2.9,69.1,27.8,0.2
340,Rütschelen,4.0,7.0,56.1,36.8,0.0
341,Schwarzhäusern,3.8,10.4,52.5,34.1,2.9
342,Thunstetten,9.7,19.7,53.7,26.1,0.4
344,Ursenbach,9.1,5.8,62.9,31.1,0.2
345,Wynau,5.1,17.8,37.3,39.6,5.3
351,Bern,51.6,45.1,19.0,33.6,2.4
352,Bolligen,16.6,12.4,43.3,44.0,0.3
353,Bremgarten bei Bern,1.9,46.3,32.4,16.5,4.8
354,Kirchlindach,11.9,8.5,66.9,23.7,0.9
355,Köniz,51.1,18.4,50.5,30.8,0.4
356,Muri bei Bern,7.7,49.5,26.1,21.8,2.5
357,Oberbalm,12.4,4.6,74.3,20.9,0.2
358,Stettlen,3.6,22.3,51.0,26.5,0.3
359,Vechigen,24.8,8.5,60.8,30.4,0.2
360,Wohlen bei Bern,36.2,8.3,54.7,32.7,4.3
361,Zollikofen,5.4,42.0,44.2,12.6,1.3
362,Ittigen,4.2,60.3,24.5,14.3,1.0
363,Ostermundigen,6.0,42.6,31.8,25.4,0.2
371,Biel/Bienne,21.3,45.4,8.0,45.3,1.3
372,Evilard,3.6,29.4,30.2,40.4,0.0
381,Arch,6.4,15.9,51.3,27.3,5.5
382,Büetigen,3.6,9.9,62.7,26.5,0.8
383,Büren an der Aare,12.6,11.7,46.2,34.4,7.6
385,Diessbach bei Büren,6.3,7.8,59.9,32.3,0.0
386,Dotzigen,4.2,14.9,55.7,26.1,3.3
387,Lengnau (BE),7.3,21.9,39.6,36.3,2.2
388,Leuzigen,10.3,11.3,45.6,39.8,3.3
389,Meienried,0.7,3.0,70.1,16.4,10.4
390,Meinisberg,4.5,14.8,54.2,24.9,6.1
391,Oberwil bei Büren,6.7,8.5,55.9,35.7,0.0
392,Pieterlen,8.3,19.6,31.1,47.2,2.0
393,Rüti bei Büren,6.5,9.5,49.1,37.8,3.5
394,Wengi,7.1,7.6,72.9,16.7,2.7
401,Aefligen,2.1,22.4,69.3,3.4,4.9
402,Alchenstorf,6.6,7.7,60.3,31.7,0.3
403,Bäriswil,2.8,11.9,45.8,41.5,0.7
404,Burgdorf,15.6,31.4,25.1,40.8,2.7
405,Ersigen,8.7,9.5,58.6,31.7,0.2
406,Hasle bei Burgdorf,21.9,7.7,58.8,32.6,0.9
407,Heimiswil,23.4,5.0,61.1,33.7,0.2
408,Hellsau,1.5,6.6,70.2,23.2,0.0
409,Hindelbank,6.7,16.4,60.9,22.2,0.6
410,Höchstetten,2.6,7.3,71.9,20.0,0.8
411,Kernenried,3.3,14.8,60.2,23.8,1.2
412,Kirchberg (BE),9.1,21.2,44.6,32.5,1.7
413,Koppigen,6.9,17.2,59.0,23.1,0.7
414,Krauchthal,19.4,7.0,42.6,49.7,0.6
415,Lyssach,6.1,14.7,53.0,31.4,1.0
416,Mötschwil,2.9,5.5,64.0,30.5,0.0
417,Niederösch,4.6,5.0,68.4,26.6,0.0
418,Oberburg,14.2,10.5,55.7,33.2,0.6
419,Oberösch,2.1,5.2,60.4,34.4,0.0
420,Rüdtligen-Alchenflüh,2.7,30.7,61.5,5.9,1.9
421,Rumendingen,2.5,8.5,58.9,31.0,1.6
422,Rüti bei Lyssach,1.3,6.1,82.6,11.4,0.0
423,Willadingen,2.2,4.6,67.6,27.9,0.0
424,Wynigen,28.2,5.6,56.7,37.4,0.2
431,Corgémont,17.6,5.9,54.9,38.8,0.5
432,Cormoret,13.5,3.3,54.1,42.2,0.4
433,Cortébert,14.8,3.2,49.1,47.6,0.1
434,Courtelary,22.1,4.5,51.6,43.7,0.2
435,La Ferrière,14.2,3.7,62.2,33.8,0.4
436,La Heutte,8.1,9.2,24.8,65.0,1.0
437,Mont-Tramelan,4.7,2.8,59.5,37.7,0.0
438,Orvin,21.6,4.8,37.5,57.1,0.6
439,Péry,15.7,9.2,22.9,66.8,1.1
441,Renan (BE),12.6,5.9,60.0,33.6,0.5
442,Romont (BE),7.0,3.1,38.0,58.6,0.3
443,Saint-Imier,20.9,9.4,49.4,40.5,0.7
444,Sonceboz-Sombeval,15.0,7.5,33.4,58.4,0.7
445,Sonvilier,23.8,4.5,60.8,34.4,0.3
446,Tramelan,24.9,8.8,58.5,31.5,1.2
448,Villeret,16.3,4.0,45.3,49.9,0.8
449,Sauge,13.5,5.8,34.6,59.5,0.1
491,Brüttelen,6.6,7.1,69.9,22.4,0.6
492,Erlach,3.5,15.4,44.6,28.1,11.9
493,Finsterhennen,3.6,11.2,71.4,16.0,1.4
494,Gals,7.9,8.1,53.0,33.8,5.2
495,Gampelen,10.8,10.7,56.9,25.1,7.3
496,Ins,23.9,9.5,66.7,21.0,2.8
497,Lüscherz,5.4,7.7,44.6,46.0,1.7
498,Müntschemier,4.9,18.6,77.9,1.8,1.6
499,Siselen,5.5,7.1,73.8,18.6,0.5
500,Treiten,4.7,8.2,73.0,17.1,1.7
501,Tschugg,3.3,10.8,44.0,44.9,0.3
502,Vinelz,4.6,13.8,51.0,35.0,0.2
532,Bangerten,2.2,6.4,61.8,31.8,0.0
533,Bätterkinden,10.1,15.5,58.2,24.2,2.1
535,Deisswil bei Münchenbuchsee,2.1,14.1,60.6,25.4,0.0
536,Diemerswil,2.8,6.0,74.0,19.9,0.0
538,Fraubrunnen,32.0,7.6,63.1,28.8,0.5
540,Jegenstorf,13.5,12.0,63.5,23.5,1.0
541,Iffwil,5.0,8.0,55.5,36.6,0.0
543,Mattstetten,3.8,15.3,49.9,33.8,1.1
544,Moosseedorf,6.3,30.5,30.2,35.9,3.3
546,Münchenbuchsee,8.9,34.3,38.4,27.0,0.3
551,Urtenen-Schönbühl,7.2,20.3,44.4,30.3,5.0
552,Utzenstorf,17.0,12.7,59.4,26.9,1.1
553,Wiggiswil,1.4,16.8,68.5,12.6,2.1
554,Wiler bei Utzenstorf,3.8,15.3,53.2,30.5,1.1
556,Zielebach,1.9,8.9,40.3,48.7,2.1
557,Zuzwil (BE),3.5,7.5,66.4,25.9,0.3
561,Adelboden,88.2,2.5,41.4,18.2,37.9
562,Aeschi bei Spiez,30.9,5.1,46.4,27.5,21.0
563,Frutigen,71.8,4.6,53.5,26.6,15.4
564,Kandergrund,32.0,4.3,32.8,36.9,26.0
565,Kandersteg,134.5,1.0,13.3,11.8,74.0
566,Krattigen,6.0,10.6,37.3,50.7,1.3
567,Reichenbach im Kandertal,125.8,2.3,39.3,24.5,33.9
571,Beatenberg,29.2,4.2,32.9,53.7,9.2
572,Bönigen,15.1,6.2,16.5,57.5,19.9
573,Brienz (BE),48.0,4.5,38.6,33.6,23.2
574,Brienzwiler,17.6,2.9,30.8,33.5,32.7
575,Därligen,6.9,5.8,19.7,66.0,8.5
576,Grindelwald,171.1,1.8,28.9,16.4,52.9
577,Gsteigwiler,7.0,4.4,22.5,65.0,8.1
578,Gündlischwand,16.9,1.7,32.4,39.9,26.1
579,Habkern,51.1,1.3,39.4,49.9,9.4
580,Hofstetten bei Brienz,8.7,4.5,29.7,43.7,22.2
581,Interlaken,4.4,46.6,24.1,22.2,7.1
582,Iseltwald,21.9,2.3,31.4,47.8,18.5
584,Lauterbrunnen,164.4,1.4,22.4,17.5,58.7
585,Leissigen,10.4,5.9,31.3,52.0,10.8
586,Lütschental,12.4,1.9,22.5,47.5,28.1
587,Matten bei Interlaken,6.0,20.9,21.1,56.4,1.5
588,Niederried bei Interlaken,4.3,7.2,21.4,55.0,16.3
589,Oberried am Brienzersee,20.0,2.4,38.4,43.5,15.7
590,Ringgenberg (BE),8.7,11.7,19.5,64.4,4.5
591,Saxeten,19.2,1.4,40.6,31.7,26.4
592,Schwanden bei Brienz,7.1,5.0,10.5,49.6,34.9
593,Unterseen,14.1,15.3,18.1,60.0,6.6
594,Wilderswil,13.5,10.0,19.7,57.4,12.9
602,Arni (BE),10.4,5.6,68.7,25.6,0.1
603,Biglen,3.6,21.2,72.6,6.1,0.0
605,Bowil,14.7,5.1,55.0,39.5,0.4
606,Brenzikofen,2.2,8.6,53.8,37.1,0.5
607,Freimettigen,2.9,5.8,64.2,30.0,0.0
608,Grosshöchstetten,3.4,25.0,57.0,18.0,0.0
609,Häutligen,3.0,3.6,68.8,27.6,0.0
610,Herbligen,2.7,11.7,47.8,40.1,0.4
611,Kiesen,4.7,17.8,52.7,26.5,3.0
612,Konolfingen,12.8,14.5,66.4,19.1,0.1
613,Landiswil,10.3,5.0,62.3,32.4,0.3
614,Linden,13.3,6.3,60.5,32.8,0.5
615,Mirchel,2.4,13.1,76.3,10.6,0.0
616,Münsingen,12.2,26.4,56.8,15.7,1.1
617,Niederhünigen,5.4,6.1,51.5,42.4,0.0
619,Oberdiessbach,16.5,8.7,52.3,38.8,0.2
620,Oberthal,10.6,5.4,62.7,32.0,0.0
622,Oppligen,3.4,12.1,54.7,32.1,1.2
623,Rubigen,7.0,20.9,53.5,19.7,5.9
624,Schlosswil,3.5,8.9,70.3,20.7,0.0
625,Tägertschi,3.6,5.3,78.9,15.8,0.0
626,Walkringen,17.2,7.5,55.1,37.1,0.3
627,Worb,21.0,15.7,62.8,21.0,0.5
628,Zäziwil,5.4,9.6,64.0,26.5,0.0
629,Oberhünigen,6.0,3.5,38.8,57.1,0.7
630,Allmendingen,3.8,9.8,65.3,21.4,3.4
632,Wichtrach,11.6,13.1,63.4,22.3,1.1
661,Clavaleyres,1.0,4.1,79.6,16.3,0.0
662,Ferenbalm,9.2,11.4,67.9,19.0,1.7
663,Frauenkappelen,9.3,6.8,42.2,41.0,10.0
664,Golaten,2.8,8.3,51.4,20.5,19.8
665,Gurbrü,1.8,19.1,71.0,9.8,0.0
666,Kriechenwil,4.8,5.5,54.4,39.9,0.2
667,Laupen,4.1,25.7,39.0,30.1,5.1
668,Mühleberg,26.3,9.2,53.3,32.8,4.6
669,Münchenwiler,2.5,11.7,66.0,21.1,1.2
670,Neuenegg,22.0,9.0,52.3,38.0,0.7
671,Wileroltigen,4.1,6.6,62.0,28.7,2.7
681,Belprahon,3.8,7.3,39.8,52.3,0.5
682,Bévilard,5.8,12.3,40.0,47.6,0.2
683,Champoz,7.2,2.9,46.5,50.5,0.1
684,Châtelat,4.2,2.6,54.8,42.1,0.5
687,Corcelles (BE),6.8,2.4,41.4,56.2,0.0
690,Court,24.6,4.6,34.3,60.0,1.0
691,Crémines,9.5,5.4,42.1,52.3,0.3
692,Eschert,6.6,4.1,40.0,55.5,0.5
694,Grandval,8.2,4.2,44.4,50.7,0.7
696,Loveresse,4.8,5.4,46.0,47.5,1.0
697,Malleray,10.2,9.1,47.8,42.8,0.2
699,Monible,3.4,1.5,49.3,48.4,0.9
700,Moutier,19.6,13.9,29.8,54.8,1.5
701,Perrefitte,8.6,3.9,30.3,65.5,0.2
702,Pontenet,2.7,6.3,48.9,44.8,0.0
703,Reconvilier,8.2,12.9,44.9,42.1,0.1
704,Roches (BE),9.1,3.9,23.4,71.5,1.2
706,Saicourt,13.8,4.3,44.7,49.9,1.0
707,Saules (BE),4.3,3.8,43.2,52.8,0.2
708,Schelten,5.5,2.0,38.4,59.4,0.2
709,Seehof,8.4,2.3,33.3,63.8,0.6
710,Sornetan,5.7,3.2,45.8,50.4,0.7
711,Sorvilier,6.8,3.5,46.1,49.3,1.2
712,Souboz,10.6,1.8,38.5,59.3,0.4
713,Tavannes,14.8,10.9,48.1,40.9,0.1
715,Rebévelier,3.6,0.6,59.7,39.7,0.0
723,La Neuveville,6.8,18.4,18.5,62.7,0.4
724,Nods,26.6,3.0,45.0,51.6,0.3
726,Plateau de Diesse,25.6,6.9,48.8,44.2,0.1
731,Aegerten,2.2,29.2,37.5,28.2,5.1
732,Bellmund,3.8,14.7,52.0,33.1,0.3
733,Brügg,5.0,34.3,29.5,31.5,4.6
734,Bühl,3.0,7.0,88.9,3.4,0.7
735,Epsach,3.4,6.5,77.7,14.1,1.8
736,Hagneck,1.8,12.7,66.3,12.7,8.3
737,Hermrigen,3.5,7.5,50.1,42.0,0.3
738,Jens,4.6,7.4,69.6,22.8,0.2
739,Ipsach,1.9,50.5,45.3,3.7,0.5
740,Ligerz,1.8,12.9,32.0,51.1,3.9
741,Merzligen,2.3,10.6,72.1,16.8,0.4
742,Mörigen,2.2,21.3,59.3,16.7,2.8
743,Nidau,1.5,84.2,0.0,3.9,11.8
744,Orpund,4.0,20.8,39.2,37.5,2.5
745,Port,2.4,41.2,25.5,29.2,4.1
746,Safnern,5.6,17.8,43.5,33.7,5.0
747,Scheuren,2.1,10.5,55.7,25.7,8.1
748,Schwadernau,4.1,10.2,74.3,14.6,1.0
749,Studen (BE),2.7,42.2,38.9,18.1,0.7
750,Sutz-Lattrigen,3.6,21.3,44.0,31.6,3.0
751,Täuffelen,4.4,23.4,59.8,10.7,6.1
754,Walperswil,7.0,9.6,76.8,7.7,5.9
755,Worben,2.8,29.4,62.4,7.5,0.7
756,Twann-Tüscherz,12.4,8.1,24.0,64.9,3.0
761,Därstetten,32.8,2.7,46.2,39.9,11.2
762,Diemtigen,130.0,1.7,48.0,30.4,19.9
763,Erlenbach im Simmental,36.7,3.5,50.6,38.0,8.0
766,Oberwil im Simmental,46.0,2.5,51.5,33.8,12.1
767,Reutigen,11.3,4.5,46.8,45.3,3.4
768,Spiez,16.8,31.4,35.9,29.8,2.9
769,Wimmis,22.3,7.7,28.9,47.0,16.4
770,Stocken-Höfen,14.2,4.4,45.5,38.5,11.5
782,Guttannen,200.7,0.5,3.8,9.4,86.3
783,Hasliberg,41.7,3.2,52.6,32.2,12.0
784,Innertkirchen,236.6,0.7,12.0,18.4,68.8
785,Meiringen,40.7,7.5,43.6,32.6,16.3
786,Schattenhalb,31.5,2.2,26.6,39.3,31.9
791,Boltigen,77.0,2.4,53.0,35.4,9.2
792,Lenk,123.0,2.0,36.4,23.0,38.6
793,St. Stephan,60.9,2.4,50.6,31.9,15.1
794,Zweisimmen,73.2,3.4,54.9,33.7,8.1
841,Gsteig,62.4,1.4,37.1,36.2,25.3
842,Lauenen,58.7,1.3,38.1,25.0,35.6
843,Saanen,119.7,4.6,51.3,35.3,8.9
852,Guggisberg,54.9,3.0,52.5,39.5,5.0
853,Rüschegg,57.4,3.0,41.5,49.7,5.8
855,Schwarzenburg,44.8,7.8,62.2,27.9,2.1
861,Belp,23.3,14.2,57.5,26.0,2.3
863,Burgistein,7.5,9.7,76.4,13.1,0.8
865,Gelterfingen,3.5,5.5,69.7,24.2,0.6
866,Gerzensee,7.8,8.9,67.3,20.2,3.6
867,Gurzelen,4.5,6.7,80.0,13.1,0.2
868,Jaberg,1.3,18.8,53.1,23.4,4.7
869,Kaufdorf,2.1,20.0,64.3,14.3,1.4
870,Kehrsatz,4.4,21.2,54.6,22.3,1.8
872,Kirchdorf (BE),6.1,11.5,68.2,17.9,2.5
873,Kirchenthurnen,1.3,11.9,77.0,10.3,0.8
874,Lohnstorf,1.8,6.6,90.7,1.6,1.1
875,Mühledorf (BE),2.3,7.0,87.3,5.2,0.4
876,Mühlethurnen,2.9,19.5,72.3,7.5,0.7
877,Niedermuhlern,7.2,6.1,75.8,18.1,0.0
878,Noflen,2.7,5.8,80.7,13.5,0.0
879,Riggisberg,29.9,5.4,42.9,51.0,0.7
880,Rüeggisberg,35.7,4.3,64.3,29.6,1.8
881,Rümligen,4.7,7.5,75.5,16.6,0.4
883,Seftigen,3.9,15.9,66.4,16.9,0.8
884,Toffen,4.9,17.1,63.0,19.5,0.4
885,Uttigen,3.8,15.1,54.6,28.6,1.6
886,Wattenwil,14.5,7.8,40.8,49.6,1.7
888,Wald (BE),13.3,6.3,74.5,19.2,0.0
901,Eggiwil,60.3,3.5,53.7,41.1,1.7
902,Langnau im Emmental,48.5,7.6,49.8,42.0,0.7
903,Lauperswil,21.1,7.6,56.3,35.4,0.7
904,Röthenbach im Emmental,36.8,3.3,43.6,52.5,0.6
905,Rüderswil,17.2,7.2,68.1,23.7,1.0
906,Schangnau,36.5,2.1,53.2,35.7,9.0
907,Signau,22.1,8.0,55.2,35.8,1.1
908,Trub,62.0,2.3,40.5,56.1,1.1
909,Trubschachen,15.6,4.9,51.1,42.7,1.3
921,Amsoldingen,4.7,7.5,60.6,22.0,10.0
922,Blumenstein,15.5,3.9,48.4,39.9,7.9
923,Buchholterberg,15.3,6.3,57.8,35.0,1.0
924,Eriz,21.8,2.8,45.3,44.9,7.1
925,Fahrni,6.7,5.1,66.9,26.7,1.3
927,Heiligenschwendi,5.6,7.4,48.7,43.4,0.5
928,Heimberg,5.4,33.4,29.9,34.5,2.2
929,Hilterfingen,2.8,41.2,8.6,48.7,1.4
931,Homberg,6.5,4.3,63.4,32.1,0.2
932,Horrenbach-Buchen,20.4,1.3,50.1,39.5,9.1
934,Oberhofen am Thunersee,2.8,27.4,19.9,51.6,1.1
935,Oberlangenegg,9.1,4.6,45.6,49.1,0.8
936,Pohlern,9.9,1.9,37.2,45.1,15.8
937,Schwendibach,1.5,10.6,68.9,20.5,0.0
938,Sigriswil,55.4,4.7,39.3,47.1,8.9
939,Steffisburg,13.5,27.4,42.3,29.1,1.2
940,Teuffenthal (BE),4.6,3.1,46.4,49.9,0.7
941,Thierachern,7.5,12.3,66.4,17.2,4.0
942,Thun,21.6,49.8,27.9,20.0,2.2
943,Uebeschi,4.4,7.3,89.5,2.5,0.7
944,Uetendorf,10.2,20.9,71.1,7.9,0.2
945,Unterlangenegg,6.8,8.7,70.6,19.7,1.0
946,Wachseldorn,3.5,5.1,70.1,24.6,0.3
947,Zwieselberg,2.4,9.9,63.4,26.3,0.4
948,Forst-Längenbühl,4.5,8.4,67.7,20.8,3.1
951,Affoltern im Emmental,11.5,7.6,72.5,19.8,0.1
952,Dürrenroth,14.0,5.6,70.9,23.1,0.3
953,Eriswil,11.3,6.4,67.2,26.2,0.2
954,Huttwil,17.3,13.6,64.4,21.9,0.1
955,Lützelflüh,26.9,9.1,65.4,24.7,0.8
956,Rüegsau,15.1,8.6,67.4,23.1,0.9
957,Sumiswald,59.4,5.1,47.9,46.2,0.7
958,Trachselwald,16.0,4.6,56.5,38.3,0.6
959,Walterswil (BE),7.9,5.0,73.8,21.2,0.0
960,Wyssachen,11.8,6.6,70.6,22.4,0.3
971,Attiswil,7.6,11.0,53.1,35.2,0.7
972,Berken,1.4,11.4,52.9,30.0,5.7
973,Bettenhausen,4.0,9.8,66.4,23.0,0.8
975,Farnern,3.7,4.4,65.5,30.1,0.0
976,Graben,3.2,6.9,52.7,36.6,3.8
977,Heimenhausen,5.8,11.7,52.8,34.8,0.7
978,Hermiswil,1.1,5.7,58.1,35.2,1.0
979,Herzogenbuchsee,9.8,27.1,37.7,34.4,0.8
980,Inkwil,3.4,13.0,48.8,35.8,2.4
981,Niederbipp,17.5,15.1,47.0,37.5,0.3
982,Niederönz,2.8,16.5,53.2,29.5,0.7
983,Oberbipp,8.5,13.0,46.9,39.5,0.7
985,Ochlenberg,12.1,4.3,63.0,32.5,0.2
987,Rumisberg,5.2,8.1,50.2,40.9,0.8
988,Seeberg,15.8,6.4,58.7,34.0,0.9
989,Thörigen,4.5,11.2,51.8,36.6,0.4
990,Walliswil bei Niederbipp,1.4,16.0,54.2,19.4,10.4
991,Walliswil bei Wangen,3.1,11.7,50.8,33.6,3.9
992,Wangen an der Aare,5.2,22.3,41.5,28.0,8.3
993,Wangenried,2.9,7.9,67.6,23.4,1.0
995,Wiedlisbach,7.6,20.9,48.1,28.3,2.6
996,Wolfisberg,2.4,5.8,42.8,51.4,0.0
1001,Doppleschwand,7.0,5.7,55.5,36.2,2.6
1002,Entlebuch,57.0,3.7,49.5,42.8,4.0
1004,Flühli,108.1,2.5,44.5,38.3,14.7
1005,Hasle (LU),40.3,3.2,49.1,39.5,8.1
1007,Romoos,37.3,2.1,35.8,60.9,1.2
1008,Schüpfheim,38.5,5.3,59.3,33.2,2.3
1009,Werthenstein,15.7,8.3,58.6,30.7,2.4
1010,Escholzmatt-Marbach,106.4,2.9,47.3,46.5,3.3
1021,Aesch (LU),4.7,11.4,66.1,18.9,3.6
1022,Altwis,2.9,7.2,63.1,29.7,0.0
1023,Ballwil,8.7,13.3,74.6,11.8,0.3
1024,Emmen,20.3,38.2,42.2,17.6,2.1
1025,Ermensee,5.7,8.8,54.2,36.3,0.7
1026,Eschenbach (LU),13.2,11.1,73.0,14.8,1.1
1030,Hitzkirch,24.6,10.0,66.2,23.3,0.4
1031,Hochdorf,9.6,26.1,62.0,10.4,1.5
1032,Hohenrain,23.4,6.1,74.4,19.1,0.4
1033,Inwil,10.3,12.4,69.6,16.1,1.9
1037,Rain,9.4,10.4,73.1,16.5,0.0
1039,Römerswil,16.7,7.9,76.0,15.6,0.5
1040,Rothenburg,15.5,17.8,65.7,16.0,0.5
1041,Schongau,12.5,5.9,68.2,25.4,0.5
1051,Adligenswil,7.0,23.7,50.8,23.5,2.0
1052,Buchrain,4.8,32.8,43.0,16.5,7.7
1053,Dierikon,2.8,17.7,56.7,23.4,2.1
1054,Ebikon,9.7,33.5,36.1,23.2,7.1
1055,Gisikon,1.1,27.3,47.3,20.0,5.5
1056,Greppen,3.3,13.3,47.9,38.2,0.6
1057,Honau,1.3,12.8,65.6,19.2,2.4
1058,Horw,12.8,28.7,29.3,41.2,0.8
1059,Kriens,27.3,19.9,28.4,50.5,1.2
1061,Luzern,29.1,47.6,28.0,22.3,2.1
1062,Malters,28.6,11.0,62.9,24.4,1.7
1063,Meggen,7.3,34.3,43.6,21.9,0.3
1064,Meierskappel,6.8,10.2,63.0,26.7,0.1
1065,Root,8.6,20.1,48.5,26.7,4.6
1066,Schwarzenberg,39.2,3.0,36.4,54.6,5.9
1067,Udligenswil,6.3,10.4,65.0,23.5,1.1
1068,Vitznau,8.9,7.5,33.6,54.3,4.6
1069,Weggis,11.8,17.5,42.8,38.1,1.6
1081,Beromünster,42.2,9.1,68.9,21.5,0.5
1082,Büron,5.4,17.4,64.6,16.3,1.7
1083,Buttisholz,16.8,8.3,72.9,16.6,2.1
1084,Eich,5.9,16.6,63.8,19.5,0.0
1085,Geuensee,6.4,12.6,72.8,14.6,0.0
1086,Grosswangen,19.7,7.1,77.2,15.2,0.6
1088,Hildisrieden,7.0,19.3,69.0,11.7,0.0
1089,Knutwil,9.8,12.5,67.6,19.8,0.1
1091,Mauensee,7.2,7.5,67.8,17.0,7.7
1093,Neuenkirch,25.5,11.0,68.7,19.9,0.4
1094,Nottwil,10.3,14.3,75.7,9.0,1.1
1095,Oberkirch,9.1,22.0,64.6,12.1,1.3
1097,Rickenbach (LU),11.8,11.7,56.9,31.3,0.1
1098,Ruswil,45.3,7.0,71.8,20.7,0.5
1099,Schenkon,6.8,17.6,64.8,16.7,0.9
1100,Schlierbach,7.2,6.5,62.0,31.4,0.1
1102,Sempach,9.0,20.7,63.9,14.1,1.3
1103,Sursee,5.9,51.9,25.4,21.5,1.2
1104,Triengen,22.1,10.6,64.1,24.9,0.4
1107,Wolhusen,14.3,9.3,57.1,31.8,1.8
1121,Alberswil,3.6,8.4,72.2,18.0,1.4
1122,Altbüron,6.8,9.6,60.5,29.4,0.6
1123,Altishofen,5.7,12.0,48.6,38.3,1.0
1125,Dagmersellen,23.9,11.9,52.6,33.9,1.5
1126,Ebersecken,8.6,4.1,78.4,17.1,0.5
1127,Egolzwil,4.2,17.5,57.8,23.5,1.2
1128,Ettiswil,12.5,10.6,71.0,17.4,1.0
1129,Fischbach,8.1,5.6,80.6,13.4,0.4
1130,Gettnau,6.0,10.5,52.5,36.2,0.8
1131,Grossdietwil,10.2,6.5,71.2,22.2,0.1
1132,Hergiswil bei Willisau,31.3,4.6,58.2,36.4,0.8
1135,Luthern,37.9,3.8,48.3,46.5,1.3
1136,Menznau,30.4,6.2,58.6,34.3,0.9
1137,Nebikon,3.7,23.9,35.1,39.9,1.1
1139,Pfaffnau,17.6,9.7,65.0,24.5,0.7
1140,Reiden,27.0,11.4,51.1,37.0,0.6
1142,Roggliswil,6.2,6.3,66.1,27.1,0.5
1143,Schötz,15.4,10.8,67.6,19.9,1.7
1145,Ufhusen,12.3,5.5,73.3,21.0,0.2
1146,Wauwil,2.9,21.1,68.4,10.5,0.0
1147,Wikon,8.3,9.7,38.8,51.4,0.1
1150,Zell (LU),13.9,10.3,67.2,21.6,0.9
1151,Willisau,41.2,8.0,63.5,27.7,0.8
1201,Altdorf (UR),10.2,24.5,34.2,39.3,2.0
1202,Andermatt,62.2,1.5,40.3,6.0,52.1
1203,Attinghausen,46.8,1.7,34.4,18.6,45.3
1204,Bauen,3.8,5.0,12.4,73.4,9.2
1205,Bürglen (UR),53.1,2.4,53.4,20.5,23.7
1206,Erstfeld,59.2,3.7,10.5,30.9,54.8
1207,Flüelen,12.4,6.4,23.9,58.1,11.6
1208,Göschenen,104.1,0.8,6.5,12.9,79.8
1209,Gurtnellen,83.4,1.3,11.6,28.8,58.3
1210,Hospental,35.0,1.4,30.4,11.0,57.2
1211,Isenthal,61.0,0.8,28.0,27.1,44.0
1212,Realp,78.0,0.8,38.7,3.1,57.4
1213,Schattdorf,16.3,13.0,32.3,40.9,13.8
1214,Seedorf (UR),15.5,5.6,17.3,42.5,34.5
1215,Seelisberg,13.3,4.7,32.7,51.2,11.4
1216,Silenen,144.8,0.9,12.9,20.3,65.9
1217,Sisikon,16.3,1.3,33.8,46.7,18.3
1218,Spiringen,64.7,1.3,37.9,18.9,41.9
1219,Unterschächen,80.3,0.8,38.7,11.3,49.2
1220,Wassen,97.0,1.1,11.5,22.8,64.6
1301,Einsiedeln,99.1,5.9,47.1,44.2,2.8
1311,Gersau,14.4,6.7,39.6,51.6,2.1
1321,Feusisberg,17.5,10.9,47.4,40.2,1.5
1322,Freienbach,13.8,33.3,38.6,23.7,4.4
1323,Wollerau,6.3,30.6,53.3,13.9,2.2
1331,Küssnacht (SZ),29.5,16.5,55.8,26.4,1.3
1341,Altendorf,20.5,10.6,51.3,37.6,0.6
1342,Galgenen,13.3,10.7,50.3,37.9,1.1
1343,Innerthal,50.2,0.6,33.5,34.3,31.6
1344,Lachen,2.4,66.3,23.3,6.3,4.2
1345,Reichenburg,11.6,8.9,55.4,34.2,1.6
1346,Schübelbach,29.0,7.2,47.4,42.8,2.7
1347,Tuggen,13.6,13.5,61.0,21.8,3.8
1348,Vorderthal,28.0,2.1,35.8,59.1,3.0
1349,Wangen (SZ),8.5,25.6,59.9,10.4,4.1
1361,Alpthal,22.9,1.7,31.3,63.9,3.1
1362,Arth,42.1,9.7,40.6,44.6,5.1
1363,Illgau,10.9,3.5,62.3,31.5,2.7
1364,Ingenbohl,13.5,18.0,28.6,48.9,4.5
1365,Lauerz,9.2,4.2,44.7,35.4,15.7
1366,Morschach,20.8,4.1,51.5,37.1,7.3
1367,Muotathal,172.2,1.0,33.2,23.5,42.3
1368,Oberiberg,32.8,2.1,50.1,39.1,8.6
1369,Riemenstalden,11.2,0.6,50.9,26.9,21.6
1370,Rothenthurm,22.8,4.2,43.2,48.6,4.0
1371,Sattel,17.3,6.8,56.4,35.8,1.1
1372,Schwyz,53.2,9.3,47.4,37.7,5.6
1373,Steinen,11.9,11.3,52.2,21.4,15.1
1374,Steinerberg,6.9,6.2,64.5,28.8,0.6
1375,Unteriberg,46.7,3.8,42.4,36.1,17.7
1401,Alpnach,53.8,5.3,31.8,54.1,8.8
1402,Engelberg,74.8,3.7,27.1,25.8,43.5
1403,Giswil,85.9,2.6,35.4,53.3,8.7
1404,Kerns,92.6,3.2,45.2,29.2,22.4
1405,Lungern,46.6,3.6,40.4,41.3,14.7
1406,Sachseln,53.8,3.7,44.3,41.1,11.0
1407,Sarnen,73.1,6.0,39.0,50.7,4.3
1501,Beckenried,24.3,6.1,48.7,37.3,7.9
1502,Buochs,9.9,18.0,46.8,33.5,1.7
1503,Dallenwil,15.5,4.6,53.9,37.6,3.9
1504,Emmetten,25.0,2.8,36.5,47.9,12.8
1505,Ennetbürgen,9.4,16.0,49.3,33.9,0.9
1506,Ennetmoos,14.1,6.7,47.9,43.5,1.9
1507,Hergiswil (NW),14.2,10.5,28.8,45.9,14.8
1508,Oberdorf (NW),16.2,7.4,52.9,37.5,2.2
1509,Stans,11.1,20.9,40.1,36.8,2.3
1510,Stansstad,9.1,15.4,32.6,49.6,2.4
1511,Wolfenschiessen,92.8,1.4,39.6,33.6,25.4
1630,Glarus Nord,147.0,6.0,37.2,40.5,16.3
1631,Glarus Süd,430.2,1.6,28.8,27.0,42.6
1632,Glarus,103.6,4.1,26.3,34.3,35.2
1701,Baar,24.8,22.2,52.4,24.7,0.7
1702,Cham,17.8,24.9,60.5,12.5,2.0
1703,Hünenberg,18.4,14.3,60.1,16.7,8.9
1704,Menzingen,27.5,7.5,62.7,28.2,1.5
1705,Neuheim,7.9,14.0,66.6,17.9,1.5
1706,Oberägeri,30.1,6.8,45.4,45.9,1.9
1707,Risch,14.8,28.8,54.4,14.7,2.1
1708,Steinhausen,5.0,37.3,46.4,15.5,0.8
1709,Unterägeri,25.6,8.0,36.7,53.6,1.7
1710,Walchwil,13.5,9.4,42.3,44.3,4.1
1711,Zug,21.7,26.6,33.1,37.9,2.5
2004,Bussy (FR),3.6,12.2,81.5,5.5,0.8
2005,Châbles,4.8,9.4,51.8,28.1,10.7
2008,Châtillon (FR),1.3,16.9,55.4,27.7,0.0
2009,Cheiry,6.5,6.9,65.6,27.2,0.3
2010,Cheyres,5.1,14.2,42.5,35.7,7.6
2011,Cugy (FR),9.9,10.3,70.1,19.5,0.1
2013,Domdidier,8.9,15.8,68.0,15.1,1.1
2014,Dompierre (FR),4.4,10.1,87.4,0.9,1.6
2015,Estavayer-le-Lac,8.9,28.1,54.5,11.9,5.5
2016,Fétigny,4.1,12.3,76.9,9.6,1.2
2022,Gletterens,2.9,20.1,51.5,16.0,12.3
2024,Léchelles,8.8,6.6,55.1,37.9,0.3
2025,Lully (FR),5.5,12.6,66.8,20.4,0.2
2027,Ménières,4.4,9.2,75.2,15.6,0.0
2029,Montagny (FR),17.5,8.2,57.2,33.7,0.8
2033,Morens (FR),2.6,16.2,66.5,16.2,1.2
2034,Murist,8.2,7.6,74.5,17.9,0.0
2035,Nuvilly,4.0,7.3,74.6,18.1,0.0
2038,Prévondavaux,1.8,4.9,62.8,32.2,0.0
2039,Rueyres-les-Prés,3.2,14.6,82.3,2.2,0.9
2040,Russy,3.7,4.0,60.6,35.3,0.0
2041,Saint-Aubin (FR),7.9,10.4,81.3,6.5,1.9
2043,Sévaz,2.5,8.9,87.0,2.0,2.0
2044,Surpierre,4.8,4.6,57.4,37.9,0.0
2045,Vallon,3.5,8.8,87.8,3.4,0.0
2047,Villeneuve (FR),3.6,7.8,56.6,33.9,1.7
2049,Vuissens,5.6,12.5,51.1,36.4,0.0
2050,Les Montets,10.3,11.1,59.7,29.1,0.2
2051,Delley-Portalban,7.3,12.0,64.0,13.5,10.5
2052,Vernay,8.4,5.5,74.3,18.1,2.2
2061,Auboranges,1.9,8.3,81.3,10.4,0.0
2063,Billens-Hennens,4.9,6.5,80.4,13.1,0.0
2066,Chapelle (Glâne),2.0,8.4,71.4,20.2,0.0
2067,Le Châtelard,7.5,3.2,70.1,26.7,0.0
2068,Châtonnaye,6.3,6.0,70.9,23.1,0.0
2072,Ecublens (FR),4.9,8.4,65.5,24.0,2.1
2079,Grangettes,3.4,5.1,68.8,26.2,0.0
2086,Massonnens,4.2,6.1,73.1,20.8,0.0
2087,Mézières (FR),9.0,6.8,79.3,13.7,0.1
2089,Montet (Glâne),2.2,7.8,70.3,20.1,1.8
2096,Romont (FR),10.9,19.0,67.2,13.6,0.3
2097,Rue,11.2,8.7,71.8,18.8,0.7
2099,Siviriez,20.3,8.0,74.4,17.2,0.4
2102,Ursy,15.0,8.2,66.4,25.4,0.0
2111,Villaz-Saint-Pierre,5.5,13.4,62.2,23.9,0.5
2113,Vuisternens-devant-Romont,24.1,6.1,78.4,15.1,0.5
2114,Villorsonnens,15.5,5.6,65.2,28.8,0.3
2115,Torny,10.2,5.8,68.9,25.2,0.1
2116,La Folliaz,9.9,6.4,74.7,18.6,0.3
2121,Haut-Intyamon,60.5,2.5,49.4,37.9,10.3
2122,Pont-en-Ogoz,10.0,12.7,65.2,22.0,0.1
2123,Botterens,4.2,9.1,35.0,54.2,1.7
2124,Broc,10.1,9.0,41.7,44.1,5.1
2125,Bulle,23.9,21.6,46.2,31.3,0.9
2128,Châtel-sur-Montsalvens,2.0,8.0,47.0,42.5,2.5
2129,Corbières,9.6,5.4,52.1,42.4,0.1
2130,Crésuz,1.8,23.3,33.9,35.0,7.8
2131,Echarlens,4.6,9.5,75.1,13.7,1.7
2134,Grandvillard,24.2,3.9,47.3,28.5,20.3
2135,Gruyères,28.4,5.5,40.5,49.9,4.1
2137,Hauteville,10.6,4.7,50.9,43.6,0.8
2138,Jaun,55.2,1.7,42.5,38.8,16.9
2140,Marsens,7.8,11.0,63.6,24.9,0.5
2143,Morlon,2.5,9.6,71.1,16.9,2.4
2145,Le Pâquier (FR),4.5,13.2,68.8,17.4,0.7
2147,Pont-la-Ville,4.3,16.0,66.2,17.4,0.5
2148,Riaz,7.8,12.2,62.0,25.7,0.1
2149,La Roche,24.0,4.0,47.1,47.0,1.9
2152,Sâles,18.8,6.1,72.7,20.2,1.0
2153,Sorens,8.7,8.9,64.5,26.5,0.0
2155,Vaulruz,10.1,8.9,64.4,26.3,0.4
2160,Vuadens,10.5,10.4,65.8,23.6,0.2
2162,Bas-Intyamon,33.3,2.8,48.8,39.8,8.7
2163,Val-de-Charmey,112.2,2.1,43.7,41.9,12.2
2171,Arconciel,6.1,8.5,57.8,30.8,2.9
2172,Autafond,2.4,3.7,66.3,30.0,0.0
2173,Autigny,6.2,6.9,70.1,21.7,1.3
2174,Avry,5.8,15.8,72.5,11.5,0.2
2175,Belfaux,6.4,14.6,53.7,31.1,0.6
2177,Chénens,4.0,10.1,67.5,22.4,0.0
2179,Chésopelloz,1.7,6.6,66.9,25.9,0.6
2183,Corminboeuf,5.6,14.9,51.8,33.3,0.0
2184,Corpataux-Magnedens,4.5,18.1,55.7,23.7,2.5
2185,Corserey,3.5,6.4,74.0,19.7,0.0
2186,Cottens (FR),5.0,12.1,69.8,17.3,0.8
2189,Ependes (FR),5.6,10.3,66.1,23.6,0.0
2192,Farvagny,10.0,12.0,66.0,20.8,1.2
2194,Ferpicloz,1.0,16.5,68.9,14.6,0.0
2196,Fribourg,9.3,63.2,13.4,17.0,6.4
2197,Givisiez,3.5,40.6,34.5,23.2,1.7
2198,Granges-Paccot,4.0,31.2,45.7,15.3,7.8
2200,Grolley,5.3,16.5,65.0,18.4,0.0
2206,Marly,7.7,30.9,35.3,29.4,4.4
2208,Matran,2.9,29.4,50.9,19.0,0.7
2211,Neyruz (FR),5.5,15.3,57.8,26.0,0.9
2213,Noréaz,6.9,5.7,63.6,28.5,2.2
2216,Pierrafortscha,5.1,7.3,69.6,22.1,1.0
2217,Ponthaux,6.0,6.5,70.3,23.0,0.2
2220,Le Mouret,18.5,8.7,48.5,42.4,0.4
2221,Prez-vers-Noréaz,5.7,8.8,72.2,18.9,0.2
2222,Rossens (FR),5.1,16.2,48.1,34.9,0.8
2223,Le Glèbe,10.3,8.2,72.7,19.0,0.0
2225,Senèdes,0.5,16.0,74.0,10.0,0.0
2226,Treyvaux,11.4,6.2,63.5,29.6,0.7
2228,Villars-sur-Glâne,5.5,51.7,29.4,17.6,1.3
2230,Villarsel-sur-Marly,1.4,4.2,74.8,18.2,2.8
2231,Vuisternens-en-Ogoz,6.2,7.9,63.9,28.2,0.0
2233,Hauterive (FR),11.9,15.6,52.5,30.2,1.7
2234,La Brillaz,10.3,8.5,71.2,19.2,1.2
2235,La Sonnaz,6.9,7.4,66.4,22.2,4.1
2243,Barberêche,9.1,5.7,59.9,19.9,14.5
2250,Courgevaux,3.4,15.8,57.5,26.1,0.6
2251,Courlevon,3.3,5.2,57.2,37.6,0.0
2254,Courtepin,4.1,25.5,46.3,27.7,0.5
2257,Cressier (FR),4.2,10.8,69.4,19.5,0.2
2258,Fräschels,3.1,10.5,71.3,17.2,1.0
2259,Galmiz,9.1,7.8,70.6,18.7,2.9
2260,Gempenach,1.7,6.0,75.3,18.7,0.0
2261,Greng,1.0,13.9,73.3,9.9,3.0
2262,Gurmels,17.2,10.4,68.9,20.0,0.6
2264,Jeuss,1.8,8.5,80.2,10.7,0.6
2265,Kerzers,12.2,16.0,68.6,14.8,0.7
2266,Kleinbösingen,3.0,9.3,64.8,20.9,5.0
2270,Lurtigen,2.3,6.1,60.0,33.9,0.0
2271,Meyriez,0.3,90.9,3.0,0.0,6.1
2272,Misery-Courtion,11.4,7.2,75.2,17.3,0.3
2274,Muntelier,1.1,36.3,26.5,33.6,3.5
2275,Murten,13.6,20.1,54.7,24.7,0.4
2276,Ried bei Kerzers,7.6,11.9,80.4,7.1,0.5
2277,Salvenach,3.8,7.8,69.5,22.7,0.0
2278,Ulmiz,2.9,6.6,67.5,25.9,0.0
2279,Villarepos,4.7,8.1,58.1,33.9,0.0
2280,Bas-Vully,10.0,13.8,70.2,12.6,3.5
2281,Haut-Vully,7.6,13.1,70.5,13.2,3.2
2283,Wallenried,3.9,20.9,61.6,17.3,0.3
2291,Alterswil,16.1,6.6,76.6,16.2,0.6
2292,Brünisried,3.2,8.3,72.5,19.1,0.0
2293,Düdingen,30.8,12.4,67.4,13.2,6.9
2294,Giffers,5.2,13.6,64.8,19.5,2.1
2295,Bösingen,14.3,9.3,75.2,14.7,0.8
2296,Heitenried,9.1,6.7,73.6,18.7,1.0
2298,Oberschrot,5.3,7.8,56.9,34.9,0.4
2299,Plaffeien,59.4,2.9,48.1,38.1,10.9
2300,Plasselb,18.1,4.0,37.2,55.5,3.3
2301,Rechthalten,7.3,7.1,73.6,18.2,1.1
2302,St. Antoni,16.9,7.5,72.4,19.0,1.1
2303,St. Silvester,7.1,7.9,52.7,37.3,2.1
2304,St. Ursen,15.7,6.5,74.8,18.6,0.1
2305,Schmitten (FR),13.6,13.1,72.1,14.4,0.4
2306,Tafers,8.4,14.9,63.7,21.3,0.1
2307,Tentlingen,3.7,15.4,66.1,15.7,2.7
2308,Ueberstorf,16.1,7.4,72.7,18.5,1.3
2309,Wünnewil-Flamatt,13.2,19.4,63.1,17.0,0.5
2310,Zumholz,1.9,7.9,71.2,17.8,3.1
2321,Attalens,9.8,13.3,59.5,26.9,0.3
2323,Bossonnens,4.1,12.3,71.8,15.9,0.0
2325,Châtel-Saint-Denis,47.9,7.0,46.7,42.3,4.0
2328,Granges (Veveyse),4.5,10.8,69.1,20.2,0.0
2333,Remaufens,5.9,6.6,67.7,25.3,0.3
2335,Saint-Martin (FR),9.8,5.6,77.3,16.2,0.9
2336,Semsales,29.4,3.4,46.5,48.1,1.9
2337,Le Flon,9.5,5.6,73.8,20.0,0.6
2338,La Verrerie,13.4,6.6,77.9,14.7,0.8
2401,Egerkingen,6.9,25.1,24.9,49.7,0.3
2402,Härkingen,5.6,27.3,51.0,21.7,0.0
2403,Kestenholz,8.6,9.4,52.3,38.0,0.2
2404,Neuendorf,7.1,17.4,49.2,33.2,0.1
2405,Niederbuchsiten,5.5,9.1,55.2,35.7,0.0
2406,Oberbuchsiten,9.4,11.0,38.6,49.8,0.6
2407,Oensingen,12.0,22.0,39.8,37.3,0.9
2408,Wolfwil,6.9,13.4,54.2,28.3,4.1
2421,Aedermannsdorf,12.9,3.6,49.4,46.6,0.3
2422,Balsthal,15.7,14.4,29.4,54.4,1.8
2423,Gänsbrunnen,11.4,3.3,29.7,67.0,0.1
2424,Herbetswil,16.4,3.4,34.7,61.8,0.1
2425,Holderbank (SO),7.8,6.2,44.2,49.3,0.4
2426,Laupersdorf,15.5,5.8,47.4,46.6,0.2
2427,Matzendorf,11.3,7.8,40.6,51.5,0.2
2428,Mümliswil-Ramiswil,35.5,4.1,50.4,45.2,0.3
2429,Welschenrohr,13.0,4.9,35.5,58.4,1.1
2445,Biezwil,4.2,6.7,51.9,41.4,0.0
2455,Lüterkofen-Ichertswil,4.4,12.8,53.0,33.8,0.5
2456,Lüterswil-Gächliwil,3.1,6.2,61.7,32.1,0.0
2457,Messen,11.9,7.1,64.1,28.3,0.5
2461,Schnottwil,7.2,8.6,59.0,32.2,0.1
2463,Unterramsern,1.5,7.1,63.0,29.2,0.6
2464,Lüsslingen-Nennigkofen,7.8,9.7,60.6,25.1,4.5
2465,Buchegg,22.8,8.7,56.5,34.3,0.5
2471,Bättwil,1.7,24.9,57.4,17.8,0.0
2472,Büren (SO),6.2,7.1,46.9,45.7,0.3
2473,Dornach,5.8,35.7,17.4,46.4,0.5
2474,Gempen,6.0,6.4,52.6,41.0,0.0
2475,Hochwald,8.3,8.9,46.0,45.0,0.0
2476,Hofstetten-Flüh,7.5,14.8,40.4,44.7,0.1
2477,Metzerlen-Mariastein,8.5,7.6,46.7,45.6,0.1
2478,Nuglar-St. Pantaleon,6.3,11.4,45.8,42.3,0.5
2479,Rodersdorf,5.3,14.3,54.7,30.8,0.2
2480,Seewen,16.4,5.8,40.1,53.8,0.4
2481,Witterswil,2.7,14.0,66.0,20.0,0.0
2491,Hauenstein-Ifenthal,5.3,8.1,51.0,40.5,0.4
2492,Kienberg,8.6,4.3,49.7,45.6,0.4
2493,Lostorf,13.3,13.7,37.6,48.6,0.1
2495,Niedergösgen,4.3,30.5,26.1,36.5,6.9
2497,Obergösgen,3.6,21.2,40.8,29.5,8.5
2498,Rohr (SO),2.3,5.3,44.4,49.8,0.4
2499,Stüsslingen,6.2,14.8,49.3,35.8,0.2
2500,Trimbach,7.7,23.7,23.1,52.2,1.0
2501,Winznau,4.0,19.7,36.2,40.0,4.1
2502,Wisen (SO),4.8,6.0,54.0,40.0,0.0
2503,Erlinsbach (SO),8.9,13.6,43.2,40.4,2.8
2511,Aeschi (SO),5.4,11.9,63.2,21.0,3.9
2513,Biberist,12.2,26.6,37.0,34.2,2.2
2514,Bolken,2.1,12.2,64.3,21.6,1.9
2516,Deitingen,7.6,24.9,52.2,22.4,0.5
2517,Derendingen,5.6,32.6,39.2,26.7,1.4
2518,Etziken,3.4,13.3,53.8,32.2,0.6
2519,Gerlafingen,1.9,79.6,9.4,9.9,1.0
2520,Halten,1.9,18.4,60.5,21.1,0.0
2523,Horriwil,2.6,13.8,59.2,26.2,0.8
2524,Hüniken,1.0,6.9,77.2,15.8,0.0
2525,Kriegstetten,1.1,46.9,44.2,8.8,0.0
2526,Lohn-Ammannsegg,4.5,22.8,47.4,29.5,0.2
2527,Luterbach,4.5,34.6,35.9,26.0,3.5
2528,Obergerlafingen,1.5,32.2,48.0,19.7,0.0
2529,Oekingen,2.5,13.1,62.4,24.5,0.0
2530,Recherswil,3.3,21.0,55.9,22.2,0.9
2532,Subingen,6.2,20.6,48.5,30.1,0.8
2534,Zuchwil,4.7,52.5,24.6,19.1,3.9
2535,Drei Höfe,4.5,7.5,56.8,35.0,0.7
2541,Balm bei Günsberg,5.5,3.1,32.4,62.3,2.2
2542,Bellach,5.3,33.5,47.5,14.6,4.4
2543,Bettlach,12.2,13.4,46.4,37.6,2.6
2544,Feldbrunnen-St. Niklaus,2.5,14.9,36.9,46.2,2.0
2545,Flumenthal,3.1,19.7,49.2,24.9,6.1
2546,Grenchen,26.1,20.7,37.8,40.0,1.5
2547,Günsberg,5.3,10.2,46.6,42.2,0.9
2548,Hubersdorf,1.4,15.4,52.9,30.9,0.7
2549,Kammersrohr,0.9,3.2,56.4,40.4,0.0
2550,Langendorf,2.0,48.7,39.5,11.3,0.5
2551,Lommiswil,5.8,12.8,44.1,43.1,0.0
2553,Oberdorf (SO),12.0,6.9,24.8,67.8,0.5
2554,Riedholz,7.2,16.3,41.9,39.2,2.6
2555,Rüttenen,8.8,7.8,22.2,68.6,1.4
2556,Selzach,19.5,9.2,50.3,38.2,2.3
2571,Boningen,2.8,25.3,37.7,27.4,9.6
2572,Däniken,5.4,31.5,32.6,34.5,1.5
2573,Dulliken,6.0,27.4,38.6,33.3,0.7
2574,Eppenberg-Wöschnau,1.8,18.0,36.1,43.2,2.7
2575,Fulenbach,4.5,17.2,49.8,29.2,3.8
2576,Gretzenbach,5.8,21.0,41.8,36.3,0.9
2578,Gunzgen,3.9,27.6,46.5,24.8,1.0
2579,Hägendorf,13.9,15.1,26.7,58.1,0.1
2580,Kappel (SO),5.1,18.4,32.7,48.6,0.2
2581,Olten,11.5,40.4,12.7,41.8,5.1
2582,Rickenbach (SO),2.8,17.1,30.7,52.1,0.0
2583,Schönenwerd,3.7,41.4,10.4,43.0,5.1
2584,Starrkirch-Wil,1.8,28.8,22.8,48.4,0.0
2585,Walterswil (SO),4.5,10.6,53.0,35.9,0.4
2586,Wangen bei Olten,6.9,21.9,24.6,53.2,0.3
2601,Solothurn,6.3,69.5,22.6,2.7,5.2
2611,Bärschwil,11.2,5.0,41.5,53.0,0.4
2612,Beinwil (SO),22.7,1.9,43.6,54.1,0.4
2613,Breitenbach,6.8,19.3,46.0,34.3,0.4
2614,Büsserach,7.6,11.0,42.4,46.2,0.4
2615,Erschwil,7.5,7.1,34.6,57.7,0.5
2616,Fehren,1.5,15.3,54.0,30.0,0.7
2617,Grindel,3.0,6.7,42.0,51.0,0.3
2618,Himmelried,6.0,10.7,30.7,58.3,0.3
2619,Kleinlützel,16.3,4.5,35.9,59.2,0.4
2620,Meltingen,5.8,5.7,40.3,54.0,0.0
2621,Nunningen,10.3,8.6,41.6,49.8,0.1
2622,Zullwil,3.6,9.6,44.1,46.0,0.3
2701,Basel,24.0,86.3,4.0,3.7,6.1
2702,Bettingen,2.2,19.3,34.9,45.9,0.0
2703,Riehen,10.9,47.4,25.4,25.0,2.1
2761,Aesch (BL),7.4,35.9,46.9,16.4,0.8
2762,Allschwil,8.9,43.0,29.4,27.0,0.6
2763,Arlesheim,7.0,38.0,9.3,52.2,0.4
2764,Biel-Benken,4.1,25.4,54.3,20.0,0.2
2765,Binningen,4.5,71.7,20.9,7.0,0.4
2766,Birsfelden,2.5,80.3,0.0,1.6,18.1
2767,Bottmingen,3.0,54.4,26.0,18.6,1.0
2768,Ettingen,6.4,17.1,33.2,49.7,0.0
2769,Münchenstein,7.2,58.1,15.6,24.1,2.2
2770,Muttenz,16.6,41.2,16.1,40.6,2.1
2771,Oberwil (BL),7.9,35.8,44.0,19.5,0.6
2772,Pfeffingen,4.9,14.4,32.4,53.2,0.0
2773,Reinach (BL),7.0,55.5,26.4,16.6,1.4
2774,Schönenbuch,1.3,31.6,66.9,1.5,0.0
2775,Therwil,7.7,29.0,46.0,24.5,0.5
2781,Blauen,7.1,5.3,34.0,60.3,0.3
2782,Brislach,9.4,8.5,52.9,37.9,0.6
2783,Burg im Leimental,2.8,5.0,14.2,80.9,0.0
2784,Dittingen,6.7,7.3,29.5,62.3,0.9
2785,Duggingen,5.9,12.7,28.8,57.1,1.4
2786,Grellingen,3.3,19.2,20.7,56.8,3.3
2787,Laufen,11.3,19.0,27.1,52.9,1.1
2788,Liesberg,12.5,8.8,36.5,53.2,1.4
2789,Nenzlingen,3.7,7.1,41.9,49.3,1.6
2790,Roggenburg,6.7,3.2,50.2,46.5,0.2
2791,Röschenz,10.1,7.2,32.4,60.0,0.4
2792,Wahlen,5.4,11.2,55.2,33.5,0.0
2793,Zwingen,4.6,25.6,33.4,38.2,2.8
2821,Arisdorf,10.0,9.4,56.4,34.1,0.1
2822,Augst,1.6,40.7,35.2,6.8,17.3
2823,Bubendorf,10.8,14.9,38.0,45.9,1.2
2824,Frenkendorf,4.6,30.2,27.6,42.0,0.2
2825,Füllinsdorf,4.6,30.2,36.9,32.2,0.6
2826,Giebenach,1.3,24.6,57.5,17.9,0.0
2827,Hersberg,1.7,11.8,37.3,50.9,0.0
2828,Lausen,5.6,25.0,23.6,50.5,0.9
2829,Liestal,18.2,24.0,16.5,58.8,0.7
2830,Lupsingen,3.2,15.6,40.3,44.1,0.0
2831,Pratteln,10.7,43.1,27.6,28.0,1.3
2832,Ramlinsburg,2.3,12.9,40.4,46.7,0.0
2833,Seltisberg,3.5,16.2,46.3,37.5,0.0
2834,Ziefen,7.8,8.5,42.4,48.8,0.4
2841,Anwil,4.0,8.0,63.2,27.6,1.3
2842,Böckten,2.3,14.4,42.8,41.5,1.3
2843,Buckten,2.0,17.0,49.5,32.5,1.0
2844,Buus,8.9,7.2,64.4,28.4,0.0
2845,Diepflingen,1.4,12.7,33.1,53.5,0.7
2846,Gelterkinden,9.8,18.1,34.1,47.3,0.5
2847,Häfelfingen,3.9,6.3,58.9,34.8,0.0
2848,Hemmiken,3.4,5.5,69.4,25.1,0.0
2849,Itingen,3.1,23.9,28.7,47.1,0.3
2850,Känerkinden,1.4,16.0,70.1,13.9,0.0
2851,Kilchberg (BL),1.6,8.8,70.6,20.6,0.0
2852,Läufelfingen,8.2,9.7,49.1,41.2,0.0
2853,Maisprach,5.0,10.2,50.6,39.2,0.0
2854,Nusshof,1.7,4.6,55.7,39.7,0.0
2855,Oltingen,7.2,5.9,60.0,33.9,0.3
2856,Ormalingen,6.9,11.4,51.0,37.5,0.1
2857,Rickenbach (BL),2.9,10.7,56.1,32.9,0.3
2858,Rothenfluh,10.9,3.9,40.0,56.1,0.1
2859,Rümlingen,2.3,10.6,47.6,40.5,1.3
2860,Rünenberg,5.0,6.8,55.2,37.8,0.2
2861,Sissach,8.9,25.0,28.2,46.5,0.3
2862,Tecknau,2.4,16.4,24.4,58.0,1.3
2863,Tenniken,4.7,11.3,47.6,41.0,0.0
2864,Thürnen,2.3,18.5,56.4,25.1,0.0
2865,Wenslingen,5.9,6.7,62.9,30.3,0.2
2866,Wintersingen,6.9,6.9,57.8,34.7,0.6
2867,Wittinsburg,3.2,8.1,60.0,31.9,0.0
2868,Zeglingen,7.9,6.2,48.4,45.4,0.0
2869,Zunzgen,6.9,12.0,38.0,49.8,0.1
2881,Arboldswil,3.4,6.4,51.7,41.9,0.0
2882,Bennwil,6.5,5.5,53.2,40.8,0.5
2883,Bretzwil,7.4,4.8,56.7,38.5,0.1
2884,Diegten,9.7,11.1,49.4,39.5,0.0
2885,Eptingen,11.2,5.2,47.1,47.4,0.4
2886,Hölstein,6.0,14.9,43.8,40.3,1.0
